[Variables]
ercf_calib_0 = 1.0
ercf_calib_1 = 1.00121892169
ercf_calib_10 = 1.0
ercf_calib_11 = 1.0
ercf_calib_2 = 1.00057711469
ercf_calib_3 = 0.999936129989
ercf_calib_4 = 1.00057711469
ercf_calib_5 = 1.00057711469
ercf_calib_6 = 0.999936129989
ercf_calib_7 = 0.999936129989
ercf_calib_8 = 1.00057711469
ercf_calib_9 = 1.0
ercf_calib_ref = 1270.6128645
filament_loaded = 'false'
filament_used = 1337154.86156
filterusetime = 1034940
lastservicetime = 1572320
pressure_advance = [{'id': 'ESUN_ABS+_Black', 'val': [{'nozzle': 0.4, 'pa': 0.06, 'st': 0.01}]}, {'id': 'ESUN_ABS+_FireEngineRed', 'val': [{'nozzle': 0.4, 'pa': 0.06, 'st': 0.04}]}, {'id': 'PETG_grey', 'val': [{'nozzle': 0.4, 'pa': 0.08, 'st': 0.04}]}, {'id': 'PLA_grey', 'val': [{'nozzle': 0.4, 'pa': 0.08, 'st': 0.04}]}, {'id': 'PETG', 'val': [{'nozzle': 0.4, 'pa': 0.08, 'st': 0.04}]}, {'id': 'PLA', 'val': [{'nozzle': 0.4, 'pa': 0.06, 'st': 0.04}]}]
print_stats = {'filament': 6826.070384647451, 'time': {'filter': 21046, 'total': 21046, 'service': 21046}}
totalprintingtime = 1572320

